p53 	 NDMm 	 NDMst 	 PTEN 	 time 
100	100	100	100	0.0
100	100	99	100	0.0336
101	100	99	100	0.033999999999999996
101	100	98	100	0.0567
101	100	97	100	0.061
101	100	96	100	0.0636
101	99	96	100	0.0639
101	98	96	100	0.0801
101	97	96	100	0.1362
102	97	96	100	0.1427
103	97	96	100	0.1954
104	97	96	100	0.2176
104	96	96	100	0.271
104	96	95	100	0.2881
104	95	95	100	0.3307
104	95	94	100	0.36769999999999997
105	95	94	100	0.3973
105	94	94	100	0.41359999999999997
106	94	94	100	0.4175
106	93	94	100	0.494
106	92	94	100	0.5033
107	92	94	100	0.5066999999999999
108	92	94	100	0.5080999999999999
108	91	94	100	0.5214999999999999
108	90	94	100	0.5301999999999999
108	89	94	100	0.6128999999999999
108	88	94	100	0.6299999999999999
108	88	93	100	0.6327999999999999
108	87	93	100	0.6611999999999999
108	87	92	100	0.6753999999999999
108	86	92	100	0.7496999999999999
109	86	92	100	0.7836
109	85	92	100	0.7968999999999999
110	85	92	100	0.8682
111	85	92	100	0.9724999999999999
111	85	91	100	0.9775999999999999
111	85	90	100	0.9799999999999999
112	85	90	100	1.0642999999999998
113	85	90	100	1.0675999999999999
114	85	90	100	1.1377
114	85	89	100	1.16
114	85	88	100	1.2378
114	84	88	100	1.2725
115	84	88	100	1.3135999999999999
115	84	87	100	1.3711
116	84	87	100	1.373
116	83	87	100	1.3953
116	82	87	100	1.5228
117	82	87	100	1.5976
117	81	87	100	1.6314
118	81	87	100	1.6798
118	80	87	100	1.6855
119	80	87	100	1.7999
119	79	87	100	1.9474
119	79	86	100	1.9982
120	79	86	100	2.001
121	79	86	100	2.0092
121	79	85	100	2.0507999999999997
122	79	85	100	2.2386999999999997
122	79	84	100	2.2802999999999995
122	79	83	100	2.3358999999999996
123	79	83	100	2.3718999999999997
123	78	83	100	2.3941
123	78	82	100	2.4379999999999997
123	78	81	100	2.4482999999999997
123	78	80	100	2.4798999999999998
124	78	80	100	2.4978
124	78	79	100	2.5016999999999996
125	78	79	100	2.5537999999999994
126	78	79	100	2.5551999999999992
126	78	78	100	2.623499999999999
127	78	78	100	2.628799999999999
127	77	78	100	2.740699999999999
127	76	78	100	2.751499999999999
128	76	78	100	2.759099999999999
129	76	78	100	2.7936999999999994
129	76	77	100	2.803699999999999
129	76	76	100	2.904299999999999
130	76	76	100	2.9956999999999994
130	76	75	100	3.0869999999999993
130	75	75	100	3.120399999999999
130	75	74	100	3.148299999999999
130	74	74	100	3.182699999999999
130	73	74	100	3.200799999999999
130	73	73	100	3.238199999999999
130	73	72	100	3.340899999999999
130	73	71	100	3.369099999999999
131	73	71	100	3.3975999999999993
132	73	71	100	3.429099999999999
132	73	70	100	3.431599999999999
133	73	70	100	3.501399999999999
134	73	70	100	3.506599999999999
134	72	70	100	3.5182999999999987
134	72	69	100	3.537299999999999
134	71	69	100	3.5561999999999987
134	71	68	100	3.5885999999999987
135	71	68	100	3.5941999999999985
136	71	68	100	3.6451999999999987
136	70	68	100	3.7676999999999987
136	70	67	100	3.868999999999999
137	70	67	100	3.9349999999999987
138	70	67	100	3.9448999999999987
138	70	66	100	3.965199999999999
138	70	65	100	4.0074999999999985
138	69	65	100	4.039799999999999
138	69	64	100	4.054599999999999
139	69	64	100	4.063199999999999
140	69	64	100	4.0703
141	69	64	100	4.1785
142	69	64	100	4.180199999999999
143	69	64	100	4.246299999999999
143	68	64	100	4.2490999999999985
143	67	64	100	4.2818999999999985
144	67	64	100	4.2913999999999985
145	67	64	100	4.326899999999998
145	67	63	100	4.357899999999998
146	67	63	100	4.374799999999998
146	66	63	100	4.378399999999997
147	66	63	100	4.396699999999997
148	66	63	100	4.413899999999997
148	66	62	100	4.424599999999997
148	66	61	100	4.433299999999997
148	65	61	100	4.527699999999998
149	65	61	100	4.530899999999997
149	64	61	100	4.560999999999997
149	64	60	100	4.605399999999998
150	64	60	100	4.613699999999998
150	63	60	100	4.729199999999998
151	63	60	100	4.729599999999998
151	63	59	100	4.762599999999998
152	63	59	100	4.829299999999998
153	63	59	100	4.856099999999998
153	63	58	100	4.870699999999998
153	63	57	100	5.048499999999998
153	62	57	100	5.101499999999998
153	61	57	100	5.153399999999998
153	61	56	100	5.153999999999998
153	61	55	100	5.202799999999998
154	61	55	100	5.245799999999998
154	60	55	100	5.260199999999998
155	60	55	100	5.291099999999998
155	59	55	100	5.383899999999999
155	58	55	100	5.460099999999999
155	57	55	100	5.509299999999999
155	57	54	100	5.5554999999999986
155	56	54	100	5.5859999999999985
155	55	54	100	5.756199999999999
156	55	54	100	5.7574999999999985
156	54	54	100	5.788399999999998
157	54	54	100	5.8115999999999985
158	54	54	100	5.8386999999999984
158	53	54	100	5.8565999999999985
158	52	54	100	5.879499999999998
159	52	54	100	5.923399999999998
160	52	54	100	5.931999999999999
161	52	54	100	5.938799999999999
161	51	54	100	5.997499999999999
162	51	54	100	6.026799999999999
163	51	54	100	6.074899999999999
163	51	53	100	6.096199999999999
163	50	53	100	6.114499999999999
164	50	53	100	6.127699999999999
164	49	53	100	6.131099999999999
164	49	52	100	6.292499999999999
164	49	51	100	6.299099999999998
164	49	50	100	6.309999999999999
164	49	49	100	6.420899999999999
164	48	49	100	6.4449999999999985
165	48	49	100	6.471899999999999
165	47	49	100	6.483599999999999
165	46	49	100	6.4998
165	46	48	100	6.5245999999999995
166	46	48	100	6.549499999999999
167	46	48	100	6.781999999999999
167	46	47	100	6.887099999999999
168	46	47	100	6.93
168	46	46	100	7.2063999999999995
168	45	46	100	7.2097
168	44	46	100	7.376399999999999
169	44	46	100	7.3968
169	44	45	100	7.661099999999999
169	44	44	100	7.6735
169	43	44	100	7.712899999999999
169	43	43	100	7.7394
170	43	43	100	7.7981
170	43	42	100	7.867
171	43	42	100	7.9352
171	42	42	100	8.0719
171	41	42	100	8.073599999999999
171	40	42	100	8.188199999999998
172	40	42	100	8.202899999999998
172	39	42	100	8.319999999999999
172	39	41	100	8.347199999999999
173	39	41	100	8.4909
173	38	41	100	8.4911
173	37	41	100	8.5456
173	36	41	100	8.5791
173	36	40	100	8.6326
173	36	39	100	8.7985
173	35	39	100	9.110700000000001
174	35	39	100	9.163900000000002
174	35	38	100	9.234900000000001
174	35	37	100	9.4074
175	35	37	100	9.4085
175	34	37	100	9.4421
175	34	36	100	9.629199999999999
175	34	35	100	9.656999999999998
175	34	34	100	9.669799999999999
175	34	33	100	9.748299999999999
176	34	33	100	9.783399999999999
176	33	33	100	9.820199999999998
177	33	33	100	9.945199999999998
178	33	33	100	9.965299999999997
178	32	33	100	9.982399999999997
179	32	33	100	9.987199999999996
179	31	33	100	10.083699999999997
180	31	33	100	10.335799999999997
180	30	33	100	10.381599999999997
181	30	33	100	10.441699999999997
182	30	33	100	10.468699999999997
182	30	32	100	10.495399999999997
183	30	32	100	10.570299999999996
183	29	32	100	10.597199999999996
184	29	32	100	10.610699999999996
184	28	32	100	10.636399999999997
185	28	32	100	10.659299999999996
186	28	32	100	10.694799999999997
186	28	31	100	10.858099999999997
186	28	30	100	10.977199999999996
187	28	30	100	11.058299999999996
187	27	30	100	11.064399999999996
187	27	29	100	11.135599999999995
187	27	28	100	11.218699999999995
188	27	28	100	11.236699999999995
188	27	27	100	11.262099999999995
189	27	27	100	11.278899999999995
190	27	27	100	11.530899999999995
191	27	27	100	11.544599999999996
192	27	27	100	11.567699999999995
192	27	26	100	11.813199999999995
193	27	26	100	11.851599999999994
193	26	26	100	11.940999999999994
193	26	25	100	11.959899999999994
194	26	25	100	11.972999999999994
195	26	25	100	12.195499999999994
196	26	25	100	12.229099999999994
197	26	25	100	12.301699999999993
197	26	24	100	12.309199999999993
198	26	24	100	12.467099999999993
199	26	24	100	12.485599999999993
200	26	24	100	12.499699999999992
201	26	24	100	12.528699999999992
201	25	24	100	12.529299999999992
202	25	24	100	12.651499999999992
203	25	24	100	12.706799999999992
203	25	23	100	12.973099999999992
204	25	23	100	13.18689999999999
205	25	23	100	13.21919999999999
206	25	23	100	13.23869999999999
206	24	23	100	13.531899999999991
206	23	23	100	13.656599999999992
206	23	22	100	13.659099999999992
207	23	22	100	13.673099999999991
208	23	22	100	13.84719999999999
209	23	22	100	13.98999999999999
209	23	21	100	14.42109999999999
210	23	21	100	14.42139999999999
210	23	20	100	14.65689999999999
211	23	20	100	14.70629999999999
211	22	20	100	14.89499999999999
211	22	19	100	14.922899999999991
212	22	19	100	15.024899999999992
213	22	19	100	15.083999999999993
214	22	19	100	15.149999999999993
215	22	19	100	15.208199999999993
216	22	19	100	15.225399999999993
216	21	19	100	15.243699999999993
217	21	19	100	15.311499999999993
217	21	18	100	15.441199999999993
218	21	18	100	15.515699999999994
218	21	17	100	15.572399999999993
219	21	17	100	15.602199999999993
220	21	17	100	15.608299999999993
221	21	17	100	15.610399999999993
222	21	17	100	15.611299999999993
222	20	17	100	15.612299999999992
222	19	17	100	15.727299999999993
222	18	17	100	15.819199999999993
223	18	17	100	15.889199999999994
224	18	17	100	16.087499999999995
224	18	16	100	16.184199999999993
225	18	16	100	16.248999999999995
225	17	16	100	16.449899999999996
226	17	16	100	16.482599999999994
227	17	16	100	16.566199999999995
228	17	16	100	16.680199999999996
229	17	16	100	16.858499999999996
229	16	16	100	16.955499999999997
229	16	15	100	17.007899999999996
230	16	15	100	17.038899999999995
230	16	14	100	17.125499999999995
230	16	13	100	17.249499999999994
230	16	12	100	17.260199999999994
231	16	12	100	17.327999999999992
232	16	12	100	17.34059999999999
233	16	12	100	17.58049999999999
234	16	12	100	17.59449999999999
234	15	12	100	17.63519999999999
234	15	11	100	17.65599999999999
234	14	11	100	17.775699999999993
235	14	11	100	17.864299999999993
236	14	11	100	17.947999999999993
237	14	11	100	18.005799999999994
238	14	11	100	18.075599999999994
239	14	11	100	18.107799999999994
240	14	11	100	18.253499999999995
241	14	11	100	18.377899999999997
242	14	11	100	18.429699999999997
243	14	11	100	18.450199999999995
243	13	11	100	18.481199999999994
244	13	11	100	18.536799999999992
245	13	11	100	18.621699999999993
246	13	11	100	18.860399999999995
247	13	11	100	18.919799999999995
248	13	11	100	19.067499999999995
249	13	11	100	19.192099999999996
250	13	11	100	19.377099999999995
251	13	11	100	19.407699999999995
252	13	11	100	19.432199999999995
253	13	11	100	19.504499999999993
253	12	11	100	19.521299999999993
253	11	11	100	19.66359999999999
254	11	11	100	19.698499999999992
255	11	11	100	19.748799999999992
255	10	11	100	19.76169999999999
256	10	11	100	20.03419999999999
257	10	11	100	20.10019999999999
257	9	11	100	20.14229999999999
258	9	11	100	20.164699999999993
259	9	11	100	20.217999999999993
260	9	11	100	20.336799999999993
260	9	10	100	20.414599999999993
261	9	10	100	20.660499999999992
262	9	10	100	20.74619999999999
263	9	10	100	20.85039999999999
264	9	10	100	20.88579999999999
265	9	10	100	21.01509999999999
266	9	10	100	21.06589999999999
266	9	9	100	21.073899999999988
266	8	9	100	21.148599999999988
267	8	9	100	21.21339999999999
268	8	9	100	21.39009999999999
269	8	9	100	21.42109999999999
270	8	9	100	21.465899999999987
271	8	9	100	21.51259999999999
271	8	8	100	21.54729999999999
272	8	8	100	21.547799999999988
273	8	8	100	21.615199999999987
274	8	8	100	21.635199999999987
275	8	8	100	21.738299999999988
276	8	8	100	21.81259999999999
276	8	7	100	21.842199999999988
277	8	7	100	21.88139999999999
278	8	7	100	21.987099999999987
279	8	7	100	22.137799999999988
280	8	7	100	22.27309999999999
281	8	7	100	22.29099999999999
282	8	7	100	22.36629999999999
283	8	7	100	22.47299999999999
284	8	7	100	22.76799999999999
285	8	7	100	22.78609999999999
286	8	7	100	23.00059999999999
287	8	7	100	23.27379999999999
288	8	7	100	23.337199999999992
289	8	7	100	23.41669999999999
289	8	6	100	23.431599999999992
289	8	5	100	23.632699999999993
290	8	5	100	23.736199999999993
291	8	5	100	23.80539999999999
292	8	5	100	23.818799999999992
292	7	5	100	23.925399999999993
292	6	5	100	23.999999999999993
293	6	5	100	24.026899999999994
294	6	5	100	24.105799999999995
295	6	5	100	24.126999999999995
296	6	5	100	24.206099999999996
297	6	5	100	24.390399999999996
297	5	5	100	24.443499999999997
298	5	5	100	24.6349
299	5	5	100	24.8388
300	5	5	100	25.1876
301	5	5	100	25.2251
302	5	5	100	25.2377
303	5	5	100	25.2613
304	5	5	100	25.3586
305	5	5	100	25.4101
306	5	5	100	25.4661
307	5	5	100	25.637600000000003
308	5	5	100	25.645200000000003
308	4	5	100	25.648300000000003
309	4	5	100	25.864000000000004
310	4	5	100	25.913000000000004
311	4	5	100	26.011500000000005
312	4	5	100	26.018900000000006
313	4	5	100	26.131600000000006
314	4	5	100	26.135900000000007
315	4	5	100	26.180200000000006
316	4	5	100	26.230900000000005
317	4	5	100	26.407000000000007
318	4	5	100	26.493000000000006
319	4	5	100	26.527800000000006
320	4	5	100	26.589200000000005
321	4	5	100	26.643400000000007
322	4	5	100	26.780200000000008
323	4	5	100	26.791600000000006
324	4	5	100	26.865100000000005
325	4	5	100	27.133300000000006
326	4	5	100	27.137400000000007
326	3	5	100	27.178400000000007
327	3	5	100	27.183600000000006
328	3	5	100	27.277600000000007
329	3	5	100	27.445900000000005
329	3	4	100	27.566500000000005
329	3	3	100	27.583900000000003
330	3	3	100	27.843500000000002
331	3	3	100	28.0028
332	3	3	100	28.0047
333	3	3	100	28.4931
334	3	3	100	28.6177
335	3	3	100	28.6903
336	3	3	100	28.770500000000002
337	3	3	100	28.823700000000002
338	3	3	100	28.8608
339	3	3	100	28.9208
340	3	3	100	28.9665
341	3	3	100	29.0234
342	3	3	100	29.0339
342	3	2	100	29.0837
343	3	2	100	29.2389
344	3	2	100	29.328200000000002
345	3	2	100	29.3532
346	3	2	100	29.4811
347	3	2	100	29.5655
348	3	2	100	29.7201
349	3	2	100	29.809099999999997
350	3	2	100	29.854699999999998
351	3	2	100	29.8801
352	3	2	100	29.941799999999997
353	3	2	100	30.245199999999997
354	3	2	100	30.301899999999996
355	3	2	100	30.399799999999995
356	3	2	100	30.484399999999994
357	3	2	100	30.511999999999993
358	3	2	100	30.71699999999999
359	3	2	100	30.74659999999999
360	3	2	100	30.93369999999999
361	3	2	100	30.94639999999999
362	3	2	100	31.02299999999999
363	3	2	100	31.05809999999999
364	3	2	100	31.17649999999999
365	3	2	100	31.20779999999999
366	3	2	100	31.236699999999992
367	3	2	100	31.26269999999999
368	3	2	100	31.276299999999992
369	3	2	100	31.39569999999999
370	3	2	100	31.51729999999999
371	3	2	100	31.60189999999999
372	3	2	100	31.63299999999999
373	3	2	100	31.82179999999999
374	3	2	100	31.82269999999999
375	3	2	100	31.84219999999999
376	3	2	100	32.01659999999999
377	3	2	100	32.10659999999999
378	3	2	100	32.120799999999996
379	3	2	100	32.46959999999999
380	3	2	100	32.51299999999999
381	3	2	100	32.53699999999999
382	3	2	100	32.57249999999999
383	3	2	100	32.80319999999999
384	3	2	100	32.89999999999999
384	2	2	100	32.90559999999999
384	2	1	100	33.01189999999999
385	2	1	100	33.09589999999999
386	2	1	100	33.23179999999999
387	2	1	100	33.27739999999999
388	2	1	100	33.282
389	2	1	100	33.309
390	2	1	100	33.3187
391	2	1	100	33.6629
392	2	1	100	33.7508
393	2	1	100	33.8407
394	2	1	100	33.8488
395	2	1	100	33.8779
396	2	1	100	33.888299999999994
397	2	1	100	34.009899999999995
398	2	1	100	34.167399999999994
399	2	1	100	34.4175
400	2	1	100	34.578199999999995
401	2	1	100	34.637299999999996
402	2	1	100	34.646499999999996
403	2	1	100	35.1752
404	2	1	100	35.447199999999995
405	2	1	100	35.599
406	2	1	100	35.716499999999996
407	2	1	100	35.8302
408	2	1	100	35.8765
409	2	1	100	35.8957
410	2	1	100	36.0634
411	2	1	100	36.1411
412	2	1	100	36.2108
413	2	1	100	36.2323
414	2	1	100	36.2372
415	2	1	100	36.2881
416	2	1	100	36.3532
417	2	1	100	36.3679
418	2	1	100	36.9833
419	2	1	100	37.1247
420	2	1	100	37.2476
421	2	1	100	37.3527
422	2	1	100	37.3709
423	2	1	100	37.5303
424	2	1	100	37.6269
425	2	1	100	37.641999999999996
426	2	1	100	37.784699999999994
427	2	1	100	37.8139
428	2	1	100	37.8319
429	2	1	100	37.929399999999994
430	2	1	100	37.95459999999999
431	2	1	100	38.02239999999999
432	2	1	100	38.110899999999994
433	2	1	100	38.427699999999994
434	2	1	100	38.66139999999999
435	2	1	100	38.89339999999999
436	2	1	100	39.09689999999999
437	2	1	100	39.10459999999999
438	2	1	100	39.25929999999999
439	2	1	100	39.438999999999986
440	2	1	100	39.517299999999985
441	2	1	100	39.71289999999998
442	2	1	100	39.801599999999986
443	2	1	100	39.824899999999985
444	2	1	100	39.99769999999999
445	2	1	100	40.10159999999999
446	2	1	100	40.11059999999999
447	2	1	100	40.24599999999999
448	2	1	100	40.382699999999986
449	2	1	100	40.567799999999984
450	2	1	100	40.62939999999998
451	2	1	100	40.723199999999984
452	2	1	100	40.898699999999984
453	2	1	100	40.929099999999984
454	2	1	100	40.96389999999998
455	2	1	100	40.98099999999998
456	2	1	100	41.05069999999998
457	2	1	100	41.25709999999998
458	2	1	100	41.28549999999998
459	2	1	100	41.668099999999974
460	2	1	100	41.68519999999997
460	2	0	100	41.804699999999976
461	2	0	100	41.88719999999998
462	2	0	100	41.99459999999998
463	2	0	100	42.07129999999998
464	2	0	100	42.08999999999998
465	2	0	100	42.14609999999998
466	2	0	100	42.201799999999984
467	2	0	100	42.22659999999998
468	2	0	100	42.25369999999998
469	2	0	100	42.33539999999998
470	2	0	100	42.344099999999976
471	2	0	100	42.410599999999974
472	2	0	100	42.50829999999998
473	2	0	100	42.68789999999998
474	2	0	100	42.699199999999976
475	2	0	100	42.873999999999974
476	2	0	100	42.960099999999976
477	2	0	100	43.140099999999975
478	2	0	100	43.140499999999975
479	2	0	100	43.16569999999997
479	1	0	100	43.70039999999997
480	1	0	100	43.749899999999975
481	1	0	100	43.80559999999998
482	1	0	100	43.969899999999974
483	1	0	100	44.18219999999997
484	1	0	100	44.454899999999974
485	1	0	100	44.819699999999976
486	1	0	100	45.12499999999998
487	1	0	100	45.25399999999998
488	1	0	100	45.301299999999976
489	1	0	100	45.42009999999998
490	1	0	100	45.47349999999998
491	1	0	100	46.36629999999998
492	1	0	100	46.483899999999984
493	1	0	100	46.51789999999998
494	1	0	100	46.609599999999986
495	1	0	100	46.69979999999999
496	1	0	100	46.772699999999986
497	1	0	100	46.79269999999999
498	1	0	100	46.91089999999999
499	1	0	100	47.07549999999999
500	1	0	100	47.08269999999999
501	1	0	100	47.175099999999986
502	1	0	100	47.26019999999998
503	1	0	100	47.29399999999998
504	1	0	100	47.33949999999998
505	1	0	100	47.34569999999998
506	1	0	100	47.56389999999998
507	1	0	100	47.67029999999998
508	1	0	100	47.787899999999986
509	1	0	100	47.810999999999986
510	1	0	100	47.96009999999998
511	1	0	100	48.194299999999984
512	1	0	100	48.268599999999985
513	1	0	100	48.565299999999986
514	1	0	100	48.57439999999998
515	1	0	100	48.619799999999984
516	1	0	100	48.826599999999985
517	1	0	100	48.90659999999998
518	1	0	100	48.992699999999985
519	1	0	100	49.14349999999998
520	1	0	100	49.42039999999998
521	1	0	100	49.487299999999976
522	1	0	100	49.50979999999998
523	1	0	100	49.55989999999998
524	1	0	100	49.69899999999998
525	1	0	100	49.80139999999998
526	1	0	100	49.85799999999998
527	1	0	100	49.919899999999984
528	1	0	100	50.14539999999998
529	1	0	100	50.23919999999998
530	1	0	100	50.32709999999998
531	1	0	100	50.36689999999998
532	1	0	100	50.40179999999998
533	1	0	100	50.40659999999998
534	1	0	100	50.41419999999998
535	1	0	100	50.484299999999976
536	1	0	100	50.504199999999976
537	1	0	100	50.648199999999974
538	1	0	100	50.65369999999997
539	1	0	100	50.68819999999997
540	1	0	100	50.87239999999997
541	1	0	100	51.27539999999997
542	1	0	100	51.36839999999997
543	1	0	100	51.377899999999975
544	1	0	100	51.42959999999997
545	1	0	100	51.609499999999976
546	1	0	100	51.69969999999998
547	1	0	100	51.84609999999998
548	1	0	100	51.86709999999998
549	1	0	100	52.03179999999998
550	1	0	100	52.31189999999998
551	1	0	100	52.45379999999998
552	1	0	100	52.54329999999998
553	1	0	100	52.55249999999998
554	1	0	100	52.61799999999998
555	1	0	100	52.64999999999998
556	1	0	100	52.933099999999975
557	1	0	100	52.945299999999975
558	1	0	100	52.99359999999997
559	1	0	100	53.012099999999975
560	1	0	100	53.04209999999998
561	1	0	100	53.05559999999998
562	1	0	100	53.07789999999998
563	1	0	100	53.11579999999998
564	1	0	100	53.15469999999998
565	1	0	100	53.19459999999998
566	1	0	100	53.26299999999998
567	1	0	100	53.41139999999998
568	1	0	100	53.77329999999998
569	1	0	100	53.80609999999998
570	1	0	100	53.86839999999998
571	1	0	100	54.02259999999998
572	1	0	100	54.168599999999984
573	1	0	100	54.20579999999998
574	1	0	100	54.25749999999998
575	1	0	100	55.03359999999998
576	1	0	100	55.09189999999998
577	1	0	100	55.09319999999998
578	1	0	100	55.13319999999998
579	1	0	100	55.32209999999998
580	1	0	100	55.37249999999998
581	1	0	100	55.43259999999998
582	1	0	100	55.62799999999998
583	1	0	100	55.72879999999998
584	1	0	100	56.14269999999998
585	1	0	100	56.265299999999975
586	1	0	100	56.311099999999975
587	1	0	100	56.46449999999997
588	1	0	100	56.59679999999997
589	1	0	100	56.69579999999997
590	1	0	100	56.72339999999997
591	1	0	100	56.81959999999997
592	1	0	100	56.902899999999974
593	1	0	100	56.93579999999997
594	1	0	100	56.95669999999997
595	1	0	100	56.97869999999997
596	1	0	100	57.10739999999997
597	1	0	100	57.17339999999997
598	1	0	100	57.495799999999974
598	0	0	100	57.539099999999976
599	0	0	100	57.56179999999998
600	0	0	100	57.576699999999974
601	0	0	100	57.59779999999997
602	0	0	100	57.67079999999997
603	0	0	100	57.67299999999997
604	0	0	100	57.84529999999997
605	0	0	100	57.862899999999975
606	0	0	100	57.86829999999998
607	0	0	100	57.95119999999998
608	0	0	100	58.11969999999998
609	0	0	100	58.18569999999998
610	0	0	100	58.303899999999985
611	0	0	100	58.305599999999984
612	0	0	100	58.54989999999999
613	0	0	100	58.560299999999984
614	0	0	100	58.77809999999998
615	0	0	100	58.82039999999998
616	0	0	100	58.99289999999998
617	0	0	100	59.159799999999976
618	0	0	100	59.278999999999975
619	0	0	100	59.309799999999974
620	0	0	100	59.32129999999997
621	0	0	100	59.628299999999975
622	0	0	100	59.72149999999998
623	0	0	100	59.72469999999998
624	0	0	100	59.75989999999998
625	0	0	100	59.97179999999998
626	0	0	100	60.02269999999998
627	0	0	100	60.13229999999998
628	0	0	100	60.41239999999998
629	0	0	100	60.565399999999975
630	0	0	100	61.065999999999974
631	0	0	100	61.172199999999975
632	0	0	100	61.190799999999975
633	0	0	100	61.24419999999998
634	0	0	100	61.36979999999998
635	0	0	100	61.47879999999998
636	0	0	100	61.48969999999998
637	0	0	100	61.52309999999998
638	0	0	100	61.70459999999998
639	0	0	100	61.992599999999975
640	0	0	100	62.650599999999976
641	0	0	100	62.70229999999997
642	0	0	100	63.211599999999976
643	0	0	100	63.27219999999998
644	0	0	100	63.368899999999975
645	0	0	100	63.44929999999997
646	0	0	100	63.67589999999997
647	0	0	100	64.10979999999996
648	0	0	100	64.15009999999997
649	0	0	100	64.24869999999997
650	0	0	100	64.27399999999997
651	0	0	100	64.29989999999997
652	0	0	100	64.49169999999997
653	0	0	100	64.56579999999997
654	0	0	100	64.57279999999997
655	0	0	100	64.69249999999997
656	0	0	100	64.74509999999997
657	0	0	100	64.75239999999997
658	0	0	100	64.75599999999997
659	0	0	100	64.80039999999997
660	0	0	100	64.80079999999997
661	0	0	100	64.83179999999997
662	0	0	100	64.87989999999998
663	0	0	100	65.05499999999998
664	0	0	100	65.28349999999998
665	0	0	100	65.35919999999997
666	0	0	100	65.45419999999997
667	0	0	100	65.53629999999997
668	0	0	100	65.88339999999997
669	0	0	100	66.10929999999996
670	0	0	100	66.42819999999996
671	0	0	100	66.48259999999996
672	0	0	100	66.55209999999997
673	0	0	100	66.58659999999996
674	0	0	100	66.63269999999996
675	0	0	100	66.79869999999995
676	0	0	100	66.94379999999995
677	0	0	100	66.96569999999996
678	0	0	100	66.97749999999995
679	0	0	100	66.99709999999995
680	0	0	100	67.03749999999995
681	0	0	100	67.28849999999996
682	0	0	100	67.33579999999996
683	0	0	100	67.70089999999996
684	0	0	100	68.25029999999997
685	0	0	100	68.38889999999996
686	0	0	100	68.40939999999996
687	0	0	100	68.66459999999996
688	0	0	100	68.70539999999997
689	0	0	100	68.81479999999996
690	0	0	100	69.17039999999996
691	0	0	100	69.43109999999996
692	0	0	100	69.45229999999995
693	0	0	100	69.46759999999995
694	0	0	100	69.47199999999995
695	0	0	100	69.53359999999995
696	0	0	100	69.82359999999996
697	0	0	100	69.91669999999996
698	0	0	100	69.94739999999996
699	0	0	100	69.97569999999996
700	0	0	100	70.09249999999996
701	0	0	100	70.22479999999996
702	0	0	100	70.39179999999996
703	0	0	100	70.59519999999996
704	0	0	100	70.61129999999996
705	0	0	100	70.71559999999995
706	0	0	100	70.79059999999996
707	0	0	100	71.22139999999996
708	0	0	100	71.28129999999996
709	0	0	100	71.28659999999996
710	0	0	100	71.40229999999997
711	0	0	100	71.40479999999997
712	0	0	100	71.57299999999996
713	0	0	100	71.65479999999997
714	0	0	100	71.78729999999996
715	0	0	100	71.85419999999996
716	0	0	100	71.90629999999996
717	0	0	100	72.13699999999996
718	0	0	100	72.27569999999996
719	0	0	100	72.33549999999995
720	0	0	100	72.35249999999995
721	0	0	100	72.45609999999995
722	0	0	100	72.47199999999995
723	0	0	100	72.52769999999995
724	0	0	100	72.69739999999996
725	0	0	100	72.75619999999996
726	0	0	100	72.98629999999996
727	0	0	100	73.00389999999996
728	0	0	100	73.04029999999996
729	0	0	100	73.05689999999996
730	0	0	100	73.09259999999996
731	0	0	100	73.18969999999996
732	0	0	100	73.37259999999996
733	0	0	100	73.38439999999996
734	0	0	100	73.38689999999995
735	0	0	100	73.47559999999996
736	0	0	100	73.55269999999996
737	0	0	100	73.66689999999996
738	0	0	100	73.78189999999995
739	0	0	100	74.09389999999995
740	0	0	100	74.14779999999995
741	0	0	100	74.22189999999995
742	0	0	100	74.68559999999995
743	0	0	100	74.69689999999996
744	0	0	100	74.78419999999996
745	0	0	100	75.13349999999996
746	0	0	100	75.27309999999996
747	0	0	100	75.59019999999995
748	0	0	100	75.77809999999995
749	0	0	100	75.96929999999995
750	0	0	100	76.23169999999995
751	0	0	100	76.28169999999994
752	0	0	100	76.72489999999995
753	0	0	100	76.76789999999995
754	0	0	100	76.83779999999996
755	0	0	100	76.84689999999996
756	0	0	100	76.87339999999996
757	0	0	100	76.96129999999997
758	0	0	100	76.97399999999996
759	0	0	100	76.97439999999996
760	0	0	100	77.62509999999996
761	0	0	100	77.78299999999996
762	0	0	100	77.97579999999996
763	0	0	100	78.02489999999996
764	0	0	100	78.19399999999996
765	0	0	100	78.59909999999996
766	0	0	100	78.61409999999997
767	0	0	100	78.72399999999996
768	0	0	100	78.73949999999996
769	0	0	100	78.79689999999997
770	0	0	100	78.88769999999997
771	0	0	100	79.16719999999997
772	0	0	100	79.27179999999997
773	0	0	100	79.32579999999997
774	0	0	100	79.40259999999998
775	0	0	100	79.51949999999998
776	0	0	100	79.62839999999998
777	0	0	100	79.63219999999998
778	0	0	100	80.07919999999999
779	0	0	100	80.42929999999998
780	0	0	100	80.45409999999998
781	0	0	100	80.45549999999999
782	0	0	100	80.50549999999998
783	0	0	100	80.55899999999998
784	0	0	100	80.89389999999999
785	0	0	100	80.91449999999999
786	0	0	100	80.98579999999998
787	0	0	100	81.03119999999998
788	0	0	100	81.20159999999998
789	0	0	100	81.21609999999998
790	0	0	100	81.23049999999998
791	0	0	100	81.30129999999998
792	0	0	100	81.32449999999999
793	0	0	100	81.32459999999999
794	0	0	100	81.41069999999999
795	0	0	100	81.41449999999999
796	0	0	100	81.57739999999998
797	0	0	100	81.92689999999999
798	0	0	100	81.99399999999999
799	0	0	100	82.02699999999999
800	0	0	100	82.05519999999999
801	0	0	100	82.19069999999998
802	0	0	100	82.24409999999997
803	0	0	100	82.25599999999997
804	0	0	100	82.29279999999997
805	0	0	100	82.44839999999998
806	0	0	100	82.45739999999998
807	0	0	100	82.48229999999998
808	0	0	100	82.49899999999998
809	0	0	100	82.91789999999997
810	0	0	100	83.03889999999997
811	0	0	100	83.05329999999996
812	0	0	100	83.15399999999997
813	0	0	100	83.32439999999997
814	0	0	100	83.46819999999997
815	0	0	100	83.48509999999997
816	0	0	100	83.50529999999998
817	0	0	100	83.77159999999998
818	0	0	100	83.84149999999998
819	0	0	100	83.90669999999999
820	0	0	100	83.93739999999998
821	0	0	100	84.03139999999998
822	0	0	100	84.19459999999998
823	0	0	100	84.26269999999998
824	0	0	100	84.29109999999999
825	0	0	100	84.49529999999999
826	0	0	100	84.59739999999998
827	0	0	100	84.69959999999998
828	0	0	100	84.79959999999997
829	0	0	100	84.96469999999997
830	0	0	100	84.98549999999996
831	0	0	100	85.41549999999997
832	0	0	100	85.52649999999997
833	0	0	100	85.55969999999996
834	0	0	100	85.84649999999996
835	0	0	100	85.98189999999997
836	0	0	100	86.05849999999997
837	0	0	100	86.33439999999996
838	0	0	100	86.51159999999996
839	0	0	100	86.70429999999996
840	0	0	100	86.98769999999996
841	0	0	100	87.02109999999996
842	0	0	100	87.11999999999996
843	0	0	100	87.48659999999997
844	0	0	100	87.74379999999996
845	0	0	100	87.76129999999996
846	0	0	100	87.82459999999996
847	0	0	100	87.86569999999996
848	0	0	100	87.87569999999997
849	0	0	100	88.07809999999996
850	0	0	100	88.09659999999997
851	0	0	100	88.10799999999996
852	0	0	100	88.17499999999995
853	0	0	100	88.47159999999995
854	0	0	100	88.55329999999995
855	0	0	100	88.55779999999994
856	0	0	100	88.72459999999994
857	0	0	100	88.74319999999994
858	0	0	100	88.78179999999995
859	0	0	100	89.00489999999995
860	0	0	100	89.02959999999995
861	0	0	100	89.17559999999995
862	0	0	100	89.20229999999995
863	0	0	100	89.35609999999996
864	0	0	100	89.38139999999996
865	0	0	100	89.43229999999996
866	0	0	100	89.46219999999995
867	0	0	100	89.52959999999996
868	0	0	100	90.02019999999996
869	0	0	100	90.02569999999996
870	0	0	100	90.06429999999996
871	0	0	100	90.16839999999996
872	0	0	100	90.28999999999996
873	0	0	100	90.32899999999997
874	0	0	100	90.45789999999997
875	0	0	100	90.89109999999997
876	0	0	100	91.33459999999997
877	0	0	100	91.57899999999997
878	0	0	100	91.61279999999996
879	0	0	100	91.61429999999996
880	0	0	100	91.69709999999996
881	0	0	100	91.69879999999996
882	0	0	100	91.80569999999996
883	0	0	100	91.87819999999996
884	0	0	100	91.88679999999997
885	0	0	100	91.88959999999996
886	0	0	100	91.93889999999996
887	0	0	100	92.16159999999996
888	0	0	100	92.28409999999997
889	0	0	100	92.44409999999996
890	0	0	100	92.48139999999997
891	0	0	100	92.82609999999997
892	0	0	100	93.21119999999996
893	0	0	100	93.31769999999996
894	0	0	100	93.46139999999995
895	0	0	100	93.47989999999996
896	0	0	100	93.50319999999996
897	0	0	100	93.67239999999997
898	0	0	100	93.75949999999997
899	0	0	100	93.83479999999997
900	0	0	100	93.90289999999997
901	0	0	100	93.92329999999997
902	0	0	100	93.95739999999996
903	0	0	100	93.96329999999996
904	0	0	100	94.25869999999996
905	0	0	100	94.26539999999996
906	0	0	100	94.31089999999996
907	0	0	100	94.36209999999996
908	0	0	100	94.36529999999996
909	0	0	100	94.37299999999996
910	0	0	100	94.46359999999996
911	0	0	100	94.56959999999995
912	0	0	100	95.00299999999996
913	0	0	100	95.04499999999996
914	0	0	100	95.05179999999996
915	0	0	100	95.12279999999996
916	0	0	100	95.34549999999996
917	0	0	100	95.37049999999996
918	0	0	100	95.48319999999997
919	0	0	100	95.52519999999997
920	0	0	100	95.64309999999998
921	0	0	100	95.80719999999998
922	0	0	100	95.89769999999999
923	0	0	100	95.93719999999999
924	0	0	100	96.1137
925	0	0	100	96.19
926	0	0	100	96.1974
927	0	0	100	96.48140000000001
928	0	0	100	96.6358
929	0	0	100	96.89880000000001
930	0	0	100	96.94890000000001
931	0	0	100	97.3302
932	0	0	100	97.3314
933	0	0	100	97.42150000000001
934	0	0	100	97.4808
935	0	0	100	98.1032
936	0	0	100	98.1255
937	0	0	100	98.1396
938	0	0	100	98.2752
939	0	0	100	98.3663
940	0	0	100	98.4896
941	0	0	100	98.5728
942	0	0	100	98.6039
943	0	0	100	98.65299999999999
944	0	0	100	98.75899999999999
945	0	0	100	98.99879999999999
946	0	0	100	99.00049999999999
947	0	0	100	99.0966
948	0	0	100	99.2341
949	0	0	100	99.2575
950	0	0	100	99.2842
951	0	0	100	99.3661
952	0	0	100	99.4503
953	0	0	100	99.6699
954	0	0	100	99.84309999999999
955	0	0	100	99.8493
956	0	0	100	100.0071
